================================================
  CFG     Cond      Acc      ±CI     4-mer r
------------------------------------------------
  1.0      low   0.6340   0.0309      0.9205
  1.0      mid   0.5020   0.0327      0.9928
  1.0     high   0.3510   0.0310      0.9860
  1.0  overall   0.4957   0.0173      0.9959

  2.0      low   0.6740   0.0290      0.9194
  2.0      mid   0.5390   0.0312      0.9933
  2.0     high   0.4720   0.0303      0.9776
  2.0  overall   0.5617   0.0178      0.9959

  3.0      low   0.7150   0.0268      0.8890
  3.0      mid   0.5510   0.0312      0.9943
  3.0     high   0.5250   0.0308      0.9806
  3.0  overall   0.5970   0.0177      0.9961