============================================================
  CFG     Cond      Acc      ±CI     4-mer r
------------------------------------------------
  1.0      low   0.6960   0.0265      0.8023
  1.0      mid   0.5590   0.0301      0.9720
  1.0     high   0.7310   0.0268      0.7386
  1.0  overall   0.6620   0.0167      0.9869

  2.0      low   0.8150   0.0232      0.7262
  2.0      mid   0.6570   0.0295      0.9690
  2.0     high   0.8630   0.0214      0.7085
  2.0  overall   0.7783   0.0146      0.9871

  3.0      low   0.8470   0.0220      0.7051
  3.0      mid   0.7270   0.0275      0.9359
  3.0     high   0.9460   0.0139      0.6406
  3.0  overall   0.8400   0.0129      0.9742

  4.0      low   0.8880   0.0199      0.6846
  4.0      mid   0.7290   0.0285      0.9188
  4.0     high   0.9710   0.0107      0.6117